year,population,yearly_growth_percentage,yearly_growth,pop_density_km2,urban_population,urban_population_percentage
1951,2584034261,1.88,47603112,17,775067697,30
1952,2630861562,1.81,46827301,18,799282533,30
1953,2677608960,1.78,46747398,18,824289989,31
1954,2724846741,1.76,47237781,18,850179106,31
1955,2773019936,1.77,48173195,19,877008842,32
1956,2822443282,1.78,49423346,19,904685164,32
1957,2873306090,1.80,50862808,19,933113168,32
1958,2925686705,1.82,52380615,20,962537113,33
1959,2979576185,1.84,53889480,20,992820546,33
1960,3034949748,1.86,55373563,20,1023845517,34
1961,3091843507,1.87,56893759,21,1055435648,34
1962,3150420795,1.89,58577288,21,1088376703,35
1963,3211001009,1.92,60580214,22,1122561940,35
1964,3273978338,1.96,62977329,22,1157813355,35
1965,3339583597,2.00,65605259,22,1188469224,36
1966,3407922630,2.05,68339033,23,1219993032,36
1967,3478769962,2.08,70847332,23,1252566565,36
1968,3551599127,2.09,72829165,24,1285933432,36
1969,3625680627,2.09,74081500,24,1319833474,36
1970,3700437046,2.06,74756419,25,1354215496,37
1971,3775759617,2.04,75322571,25,1388834099,37
1972,3851650245,2.01,75890628,26,1424734781,37
1973,3927780238,1.98,76129993,26,1462178370,37
1974,4003794172,1.94,76013934,27,1501134655,37
1975,4079480606,1.89,75686434,27,1538624994,38
1976,4154666864,1.84,75186258,28,1577376141,38
1977,4229506060,1.80,74839196,28,1616419308,38
1978,4304533501,1.77,75027441,29,1659306117,39
1979,4380506100,1.76,75972599,29,1706021638,39
1980,4458003514,1.77,77497414,30,1754201029,39
1981,4536996762,1.77,78993248,30,1804215203,40
1982,4617386542,1.77,80389780,31,1854134229,40
1983,4699569304,1.78,82182762,32,1903822436,41
1984,4784011621,1.80,84442317,32,1955106433,41
1985,4870921740,1.82,86910119,33,2007939063,41
1986,4960567912,1.84,89646172,33,2062604394,42
1987,5052522147,1.85,91954235,34,2118882551,42
1988,5145426008,1.84,92903861,35,2176126537,42
1989,5237441558,1.79,92015550,35,2233140502,43
1990,5327231061,1.71,89789503,36,2290228096,43
1991,5414289444,1.63,87058383,36,2347462336,43
1992,5498919809,1.56,84630365,37,2404337297,44
1993,5581597546,1.50,82677737,37,2461223528,44
1994,5663150427,1.46,81552881,38,2518254111,44
1995,5744212979,1.43,81062552,39,2575505235,45
1996,5824891951,1.40,80678972,39,2632941583,45
1997,5905045788,1.38,80153837,40,2690813541,46
1998,5984793942,1.35,79748154,40,2749213598,46
1999,6064239055,1.33,79445113,41,2808231655,46
2000,6143494000,1.31,79255000,41,2868308000,46
2001,6222627000,1.29,79133000,42,2933079000,47
2002,6301773000,1.27,79147000,42,3001808000,47
2003,6381185000,1.26,79412000,43,3071744000,48
2004,6461159000,1.25,79974000,43,3143045000,48
2005,6541907000,1.25,80748000,44,3215906000,49
2006,6623518000,1.25,81611000,44,3289446000,50
2007,6705947000,1.24,82429000,45,3363610000,50
2008,6789089000,1.24,83142000,46,3439719000,50
2009,6872767000,1.23,83678000,47,3516830000,51
2010,6956824000,1.22,84057000,47,3594868000,51
2011,7041194000,1.21,84371000,47,3671424000,52
2012,7125828000,1.20,84634000,48,3747843000,52
2013,7210582000,1.19,84754000,48,3824990000,53
2014,7295291000,1.17,84709000,49,3902832000,53
2015,7379797000,1.16,84506000,50,3981498000,54
2016,7464022000,1.14,84225000,50,4060653000,54
2017,7547859000,1.12,83837000,51,4140189000,55
2018,7631091000,1.10,83232000,51,4219817000,55
2019,7713468000,1.08,82377000,52,4299439000,56
2020,7795000000,1.05,81331000,52,4378900000,56
